(67, 248) 113
(68, 138) 152
(183, 203) 62
(188, 246) 4
(48, 86) 38
(105, 478) 5
(105, 441) 5
(155, 539) 44
(39, 471) 2
(98, 186) 14
(208, 550) 3
(124, 272) 2
(166, 434) 3
(205, 550) 2052
(80, 155) 44
(13, 20) 10
(98, 588) 35
(93, 358) 91
(39, 309) 2
(135, 513) 5
(104, 534) 10
(124, 585) 1
(67, 162) 5
(37, 367) 2
(131, 275) 3
(95, 98) 150
(208, 500) 2
(116, 229) 518
(119, 269) 78
(49, 228) 4
(529, 530) 514
(141, 257) 4
(35, 258) 9
(186, 471) 18
(79, 85) 64
(121, 327) 35
(125, 525) 7
(163, 422) 185
(129, 330) 16
(97, 446) 11
(34, 457) 2
(82, 512) 1
(143, 451) 46
(115, 325) 52
(140, 144) 67
(12, 90) 36
(12, 487) 3
(4, 544) 2
(198, 352) 97
(73, 92) 69
(153, 271) 2
(265, 595) 1
(50, 299) 199
(36, 167) 51
(188, 445) 106
(65, 302) 142
(69, 366) 20
(93, 376) 55
(76, 272) 155
(167, 540) 21
(147, 380) 19
(140, 143) 246
(74, 135) 9
(106, 170) 53
(187, 364) 58
(206, 550) 3
(156, 271) 51
(141, 307) 52
(163, 455) 49
(200, 603) 284
(93, 431) 161
(4, 160) 19
(171, 202) 50
(105, 578) 4
(70, 73) 26
(20, 555) 41
(60, 143) 111
(354, 355) 518
(144, 263) 30
(127, 161) 128
(182, 195) 100
(59, 116) 54
(26, 186) 53
(175, 287) 55
(106, 441) 34
(162, 375) 2
(199, 467) 17
(163, 178) 14
(74, 142) 273
(168, 199) 68
(25, 181) 152
(11, 70) 11
(199, 352) 26
(54, 56) 18
(148, 325) 13
(37, 491) 2
(78, 178) 13
(81, 254) 185
(27, 70) 11
(106, 347) 62
(142, 309) 7
(286, 313) 2
(45, 492) 161
(178, 556) 514
(198, 427) 97
(81, 408) 185
(104, 412) 12
(155, 226) 51
(143, 144) 56
(143, 335) 75
(130, 570) 36
(3, 143) 1201
(116, 268) 5
(123, 210) 367
(50, 142) 50
(124, 137) 90
(189, 405) 5
(93, 417) 143
(20, 316) 7
(97, 105) 56
(31, 257) 17
(71, 366) 7
(175, 357) 55
(57, 382) 17
(17, 124) 11
(78, 292) 70
(172, 268) 2
(105, 138) 33
(162, 278) 2
(0, 234) 9
(17, 143) 376
(154, 505) 55
(137, 391) 11
(85, 569) 72
(105, 283) 42
(36, 434) 3
(75, 585) 1
(79, 586) 3
(26, 578) 1
(50, 380) 195
(58, 242) 13
(129, 318) 19
(57, 201) 253
(310, 533) 1
(168, 324) 8
(29, 179) 32
(140, 333) 362
(112, 156) 2
(20, 125) 265
(98, 451) 7
(45, 478) 67
(85, 140) 70
(90, 306) 29
(128, 470) 6
(93, 348) 90
(130, 454) 518
(115, 182) 45
(98, 434) 10
(140, 179) 152
(14, 59) 350
(37, 309) 2
(59, 325) 5
(7, 104) 18
(121, 567) 30
(147, 519) 49
(22, 58) 64
(45, 560) 95
(154, 226) 61
(121, 365) 35
(29, 140) 42
(72, 508) 7
(143, 388) 465
(166, 432) 2
(154, 344) 65
(163, 193) 119
(4, 528) 1
(173, 285) 28
(122, 138) 186
(235, 236) 518
(166, 451) 14
(131, 354) 4
(206, 517) 1
(123, 249) 13
(68, 81) 137
(93, 546) 89
(41, 113) 8
(188, 480) 104
(120, 384) 518
(105, 551) 41
(79, 252) 7
(91, 179) 3
(4, 84) 71
(116, 174) 46
(29, 423) 2
(162, 402) 2
(74, 272) 4
(192, 304) 4
(156, 353) 51
(11, 155) 41
(78, 586) 49
(131, 573) 2
(105, 213) 22
(1, 335) 9
(169, 478) 10
(79, 178) 43
(63, 537) 71
(121, 488) 518
(50, 75) 73
(144, 337) 23
(175, 453) 55
(45, 143) 75
(29, 416) 43
(175, 449) 55
(69, 206) 20
(156, 298) 84
(141, 322) 4
(1, 471) 5
(96, 280) 115
(98, 116) 110
(189, 480) 5
(65, 357) 142
(31, 151) 120
(197, 352) 22
(152, 393) 67
(135, 558) 5
(90, 278) 57
(91, 140) 222
(144, 594) 514
(189, 352) 5
(53, 120) 526
(92, 376) 21
(96, 160) 245
(121, 152) 71
(105, 393) 3
(106, 281) 38
(15, 60) 2
(19, 57) 14
(151, 582) 63
(169, 447) 10
(37, 499) 2
(140, 360) 91
(163, 529) 47
(74, 555) 4
(166, 476) 12
(50, 125) 213
(69, 303) 20
(34, 259) 169
(130, 421) 128
(169, 563) 7
(174, 479) 256
(141, 227) 101
(39, 575) 1
(54, 113) 28
(68, 248) 59
(79, 572) 9
(189, 385) 24
(153, 288) 2
(154, 523) 49
(70, 282) 11
(147, 552) 17
(118, 566) 1
(159, 470) 187
(144, 311) 88
(93, 257) 90
(166, 471) 2
(23, 58) 457
(117, 395) 3
(45, 105) 35
(155, 428) 518
(92, 334) 30
(36, 451) 2
(57, 143) 68
(205, 500) 6
(117, 173) 58
(46, 107) 24
(123, 154) 139
(57, 325) 10
(39, 440) 2
(169, 425) 10
(45, 518) 122
(154, 200) 71
(45, 412) 21
(71, 310) 7
(97, 258) 156
(82, 86) 9
(32, 57) 32
(103, 238) 8
(148, 285) 83
(168, 563) 7
(199, 370) 26
(142, 575) 5
(49, 240) 518
(175, 485) 55
(26, 436) 2
(2, 125) 47
(95, 135) 81
(152, 199) 133
(26, 119) 12
(138, 422) 42
(51, 101) 125
(16, 65) 518
(115, 448) 159
(463, 593) 1
(92, 574) 22
(152, 485) 62
(79, 159) 115
(62, 566) 1
(69, 282) 20
(0, 169) 283
(90, 450) 518
(82, 557) 1
(175, 482) 55
(92, 348) 25
(70, 271) 11
(130, 359) 518
(80, 165) 104
(154, 353) 64
(29, 138) 7
(178, 526) 452
(92, 98) 68
(55, 110) 62
(188, 589) 514
(179, 392) 2
(61, 383) 6
(69, 148) 80
(146, 265) 59
(96, 323) 115
(69, 387) 20
(7, 169) 50
(31, 232) 17
(31, 295) 17
(43, 103) 8
(83, 132) 4
(169, 412) 15
(80, 156) 55
(61, 150) 66
(63, 301) 212
(121, 302) 35
(50, 393) 25
(118, 169) 199
(85, 86) 189
(71, 584) 51
(92, 232) 26
(105, 418) 8
(152, 173) 123
(82, 543) 1
(50, 350) 518
(162, 529) 1
(59, 155) 253
(134, 544) 17
(51, 120) 459
(163, 425) 64
(58, 337) 103
(96, 457) 88
(95, 259) 56
(45, 376) 96
(71, 282) 7
(6, 356) 65
(157, 524) 514
(106, 436) 36
(90, 138) 8
(137, 544) 3
(123, 206) 12
(208, 379) 2
(208, 533) 1
(84, 136) 71
(163, 430) 92
(58, 149) 11
(117, 448) 12
(108, 312) 56
(70, 387) 11
(182, 201) 60
(37, 143) 228
(152, 449) 62
(81, 429) 185
(106, 447) 36
(144, 518) 37
(180, 279) 4
(93, 232) 90
(168, 534) 7
(121, 538) 30
(33, 51) 48
(71, 561) 77
(37, 481) 8
(4, 161) 6
(174, 202) 72
(33, 377) 518
(106, 337) 36
(52, 120) 16
(130, 331) 518
(167, 281) 5
(188, 437) 104
(0, 281) 22
(121, 449) 35
(104, 263) 11
(179, 375) 2
(90, 294) 29
(167, 532) 1
(169, 452) 10
(65, 108) 184
(140, 294) 91
(37, 281) 2
(98, 281) 16
(118, 313) 2
(157, 399) 518
(92, 295) 25
(54, 57) 37
(95, 233) 3
(81, 320) 185
(106, 143) 86
(89, 256) 389
(35, 137) 28
(143, 424) 74
(147, 502) 34
(98, 462) 27
(175, 182) 116
(342, 343) 518
(144, 170) 64
(81, 415) 185
(393, 412) 3
(70, 187) 17
(60, 149) 2
(18, 542) 21
(39, 98) 12
(115, 149) 43
(186, 575) 17
(206, 561) 1
(50, 143) 72
(108, 519) 3
(128, 178) 89
(57, 268) 10
(39, 499) 2
(95, 214) 12
(82, 230) 2
(105, 563) 34
(144, 487) 78
(136, 161) 9
(32, 498) 82
(69, 344) 20
(198, 419) 97
(93, 322) 90
(98, 440) 10
(81, 400) 188
(170, 198) 79
(82, 433) 2
(177, 184) 86
(31, 376) 11
(70, 205) 251
(71, 209) 72
(261, 282) 2
(186, 499) 18
(154, 303) 64
(82, 320) 2
(144, 478) 30
(143, 446) 75
(166, 446) 14
(520, 521) 514
(138, 193) 43
(124, 525) 1
(70, 593) 10
(115, 242) 65
(33, 110) 11
(181, 483) 165
(74, 568) 1
(208, 463) 2
(60, 65) 82
(356, 545) 12
(178, 330) 396
(71, 206) 7
(1, 451) 5
(99, 486) 10
(22, 59) 502
(98, 104) 56
(154, 310) 69
(141, 560) 3
(98, 475) 11
(98, 516) 11
(173, 395) 6
(70, 584) 1
(198, 413) 97
(142, 446) 7
(184, 603) 64
(45, 156) 127
(145, 176) 97
(146, 535) 25
(60, 325) 2
(188, 370) 104
(81, 275) 185
(104, 441) 10
(68, 82) 52
(17, 555) 2
(59, 202) 18
(97, 115) 118
(26, 452) 2
(35, 165) 24
(127, 252) 38
(6, 131) 9
(76, 97) 64
(166, 424) 2
(95, 457) 39
(18, 38) 42
(58, 580) 42
(142, 260) 7
(149, 465) 3
(188, 199) 28
(71, 358) 5
(157, 507) 516
(140, 162) 52
(164, 403) 34
(36, 424) 2
(130, 543) 125
(205, 463) 6
(393, 436) 2
(119, 244) 6
(11, 154) 69
(30, 138) 6
(144, 436) 30
(128, 158) 30
(96, 258) 65
(81, 527) 186
(167, 260) 2
(190, 602) 170
(125, 137) 20
(142, 281) 7
(148, 395) 14
(135, 255) 5
(66, 130) 370
(104, 337) 36
(177, 397) 518
(97, 163) 232
(116, 182) 17
(123, 505) 12
(69, 205) 20
(1, 104) 66
(5, 251) 518
(153, 226) 31
(63, 520) 71
(62, 313) 3
(31, 348) 17
(163, 409) 169
(36, 105) 26
(37, 432) 2
(60, 202) 5
(81, 512) 182
(62, 119) 102
(106, 213) 46
(90, 356) 30
(155, 288) 35
(162, 306) 2
(36, 335) 3
(21, 253) 156
(24, 196) 14
(137, 528) 31
(35, 378) 13
(199, 413) 26
(1, 446) 5
(92, 166) 31
(96, 161) 121
(27, 155) 41
(144, 418) 45
(162, 356) 3
(129, 274) 518
(189, 504) 518
(45, 425) 120
(144, 495) 518
(26, 518) 1
(104, 494) 22
(146, 239) 26
(3, 193) 152
(26, 425) 59
(65, 453) 142
(249, 288) 2
(104, 168) 46
(175, 583) 54
(31, 322) 17
(90, 455) 29
(26, 472) 3
(154, 206) 64
(104, 311) 12
(14, 196) 8
(63, 326) 90
(81, 86) 139
(65, 188) 349
(30, 409) 3
(175, 183) 107
(213, 221) 518
(69, 184) 19
(92, 180) 69
(57, 142) 234
(116, 325) 5
(171, 242) 8
(140, 392) 143
(268, 341) 4
(69, 73) 34
(155, 205) 178
(174, 268) 47
(178, 541) 452
(167, 471) 2
(32, 58) 33
(130, 587) 44
(97, 516) 10
(152, 270) 62
(139, 430) 2
(109, 266) 65
(37, 451) 12
(21, 121) 552
(98, 166) 25
(226, 412) 86
(138, 423) 5
(106, 166) 34
(51, 100) 492
(71, 153) 81
(58, 325) 12
(39, 432) 2
(45, 404) 67
(157, 250) 518
(140, 278) 143
(161, 255) 11
(37, 234) 32
(115, 368) 53
(163, 356) 22
(26, 349) 2
(45, 90) 102
(104, 436) 11
(505, 506) 518
(17, 291) 414
(275, 557) 1
(119, 313) 6
(139, 423) 2
(123, 353) 13
(174, 395) 48
(186, 451) 26
(189, 427) 5
(81, 354) 188
(172, 242) 7
(138, 430) 7
(52, 101) 15
(127, 318) 3
(186, 434) 19
(80, 166) 37
(154, 366) 64
(105, 162) 63
(92, 99) 100
(99, 475) 10
(131, 415) 3
(61, 269) 6
(138, 375) 7
(66, 248) 55
(30, 169) 163
(93, 156) 55
(61, 520) 5
(67, 139) 5
(123, 358) 11
(2, 76) 176
(57, 596) 514
(7, 168) 26
(178, 192) 127
(57, 351) 174
(37, 260) 2
(59, 242) 10
(115, 465) 52
(142, 462) 8
(186, 548) 17
(155, 282) 41
(138, 139) 6
(104, 418) 11
(162, 360) 2
(56, 325) 2
(156, 315) 88
(12, 93) 161
(69, 577) 19
(50, 565) 191
(197, 590) 38
(39, 462) 3
(80, 586) 84
(82, 354) 3
(84, 130) 64
(32, 376) 42
(72, 468) 3
(36, 471) 2
(96, 458) 518
(26, 263) 2
(119, 566) 3
(179, 360) 2
(2, 316) 7
(166, 491) 12
(62, 151) 151
(156, 387) 51
(138, 178) 29
(104, 425) 32
(21, 25) 94
(1, 39) 21
(130, 408) 128
(98, 260) 9
(158, 570) 4
(68, 386) 59
(106, 452) 36
(20, 289) 4
(80, 252) 94
(84, 137) 16
(123, 190) 16
(178, 319) 518
(186, 335) 19
(60, 242) 3
(6, 82) 4
(31, 531) 16
(92, 515) 22
(104, 518) 10
(400, 401) 518
(315, 344) 8
(136, 544) 1
(178, 423) 25
(78, 570) 55
(1, 486) 3
(76, 555) 69
(123, 303) 13
(168, 337) 69
(140, 455) 93
(166, 260) 2
(42, 51) 429
(85, 255) 55
(141, 531) 3
(40, 101) 24
(115, 341) 76
(81, 421) 185
(63, 582) 242
(85, 96) 80
(360, 545) 1
(36, 548) 1
(41, 112) 139
(153, 366) 2
(66, 386) 55
(127, 330) 40
(35, 136) 65
(92, 431) 63
(117, 465) 2
(155, 329) 518
(106, 578) 35
(166, 540) 119
(167, 486) 4
(98, 446) 10
(249, 539) 8
(34, 323) 31
(70, 184) 5
(90, 402) 57
(169, 198) 68
(42, 52) 10
(82, 439) 2
(136, 558) 34
(90, 529) 28
(56, 155) 56
(166, 309) 2
(69, 438) 16
(156, 593) 87
(144, 472) 32
(143, 432) 73
(130, 346) 518
(26, 283) 2
(30, 514) 36
(162, 193) 8
(71, 505) 6
(40, 83) 5
(59, 465) 5
(65, 522) 141
(167, 432) 2
(106, 425) 26
(197, 419) 22
(71, 398) 73
(76, 142) 20
(97, 588) 63
(261, 593) 1
(44, 103) 9
(155, 569) 167
(141, 348) 4
(35, 297) 518
(37, 411) 64
(39, 491) 12
(47, 87) 4
(140, 545) 145
(71, 353) 7
(166, 486) 2
(31, 324) 48
(175, 327) 55
(179, 333) 22
(141, 574) 3
(32, 60) 27
(4, 96) 107
(98, 432) 9
(337, 339) 518
(33, 109) 16
(136, 391) 2
(192, 292) 3
(32, 232) 85
(57, 285) 11
(130, 230) 128
(22, 56) 24
(206, 261) 2
(69, 249) 22
(245, 246) 518
(45, 324) 101
(104, 213) 22
(175, 522) 54
(90, 392) 57
(92, 591) 514
(26, 478) 2
(185, 526) 6
(205, 235) 16
(282, 550) 3
(63, 383) 72
(138, 514) 21
(76, 85) 25
(162, 294) 2
(49, 142) 205
(197, 405) 22
(162, 409) 2
(118, 244) 2
(101, 132) 122
(54, 109) 324
(105, 404) 4
(141, 334) 4
(125, 585) 7
(1, 475) 4
(57, 217) 518
(130, 225) 522
(22, 51) 550
(106, 494) 86
(183, 467) 177
(167, 309) 2
(121, 485) 35
(71, 593) 7
(179, 347) 3
(198, 405) 97
(108, 216) 84
(18, 39) 41
(58, 581) 514
(79, 292) 2
(119, 326) 6
(121, 598) 514
(175, 314) 55
(127, 390) 10
(98, 309) 9
(138, 409) 36
(54, 59) 25
(142, 367) 7
(128, 159) 45
(147, 535) 17
(67, 386) 113
(50, 502) 327
(86, 87) 72
(125, 136) 38
(144, 452) 30
(70, 310) 11
(155, 298) 45
(69, 315) 22
(198, 396) 97
(189, 199) 64
(50, 216) 255
(205, 533) 1
(60, 340) 2
(206, 533) 1
(141, 515) 3
(36, 106) 27
(169, 436) 10
(171, 328) 518
(82, 293) 2
(155, 249) 45
(95, 323) 2
(146, 565) 25
(102, 110) 13
(206, 379) 2
(177, 584) 72
(141, 546) 3
(18, 25) 15
(152, 314) 62
(212, 220) 23
(141, 232) 8
(1, 96) 92
(37, 471) 2
(58, 115) 13
(116, 368) 6
(81, 178) 95
(69, 190) 35
(27, 154) 69
(176, 202) 148
(69, 523) 18
(106, 263) 36
(19, 59) 7
(37, 440) 2
(93, 523) 77
(6, 130) 101
(65, 246) 461
(14, 194) 20
(59, 65) 130
(152, 583) 61
(90, 162) 5
(131, 320) 3
(37, 335) 3
(58, 395) 12
(98, 367) 10
(28, 89) 159
(30, 294) 26
(50, 535) 191
(131, 408) 3
(199, 405) 26
(92, 155) 64
(169, 578) 7
(104, 169) 13
(140, 402) 143
(41, 83) 99
(80, 178) 48
(189, 496) 24
(175, 567) 54
(90, 375) 29
(71, 315) 7
(76, 391) 46
(169, 311) 10
(63, 566) 88
(138, 347) 7
(49, 108) 112
(34, 280) 31
(36, 532) 1
(133, 277) 2
(166, 548) 13
(137, 513) 3
(51, 241) 36
(17, 289) 359
(347, 423) 2
(117, 368) 3
(153, 303) 2
(104, 144) 33
(96, 296) 249
(188, 413) 104
(155, 204) 131
(28, 374) 518
(159, 191) 34
(69, 398) 36
(142, 588) 78
(131, 400) 4
(3, 487) 7
(115, 362) 33
(82, 84) 28
(155, 310) 41
(32, 59) 393
(143, 281) 74
(131, 587) 37
(156, 303) 51
(156, 577) 50
(162, 514) 2
(78, 572) 67
(121, 177) 542
(31, 307) 11
(179, 529) 1
(143, 575) 73
(20, 509) 4
(186, 424) 18
(97, 424) 13
(151, 597) 514
(65, 327) 142
(156, 205) 51
(31, 574) 16
(162, 455) 2
(37, 548) 1
(3, 492) 5
(97, 281) 14
(155, 271) 41
(48, 264) 44
(30, 392) 38
(197, 467) 16
(17, 290) 359
(168, 447) 8
(63, 466) 72
(104, 452) 11
(198, 370) 97
(56, 242) 3
(59, 143) 159
(116, 340) 5
(172, 479) 12
(119, 169) 55
(140, 529) 90
(17, 76) 13
(143, 516) 74
(93, 505) 79
(130, 174) 222
(39, 424) 3
(80, 167) 105
(137, 160) 10
(143, 309) 74
(36, 260) 2
(93, 362) 139
(168, 404) 8
(85, 528) 58
(143, 367) 75
(96, 214) 249
(7, 26) 3
(84, 277) 517
(71, 249) 7
(186, 516) 17
(78, 85) 46
(189, 419) 5
(98, 117) 107
(52, 109) 44
(93, 498) 90
(58, 340) 12
(96, 308) 199
(157, 203) 57
(105, 170) 24
(13, 17) 360
(34, 547) 30
(2, 290) 4
(40, 113) 460
(166, 499) 2
(98, 411) 13
(81, 433) 392
(169, 534) 7
(205, 261) 6
(99, 104) 63
(105, 452) 5
(92, 153) 61
(153, 353) 2
(39, 532) 2
(282, 500) 2
(123, 184) 55
(106, 144) 35
(1, 260) 5
(96, 459) 518
(104, 283) 15
(70, 398) 14
(80, 292) 90
(61, 286) 9
(57, 65) 103
(61, 537) 5
(151, 269) 35
(155, 387) 41
(32, 257) 82
(37, 486) 8
(20, 290) 4
(151, 520) 51
(189, 437) 5
(158, 586) 46
(112, 115) 72
(38, 186) 36
(142, 499) 7
(58, 457) 218
(167, 499) 2
(23, 110) 34
(32, 515) 79
(56, 340) 2
(202, 479) 123
(130, 400) 131
(43, 107) 517
(30, 162) 11
(30, 375) 26
(162, 545) 16
(39, 167) 14
(97, 367) 11
(121, 342) 40
(235, 298) 4
(45, 447) 122
(57, 369) 274
(204, 602) 69
(5, 76) 159
(119, 503) 38
(140, 306) 91
(30, 529) 22
(72, 157) 519
(162, 392) 2
(93, 334) 139
(115, 340) 56
(138, 360) 7
(157, 540) 128
(90, 545) 65
(36, 549) 514
(0, 142) 192
(50, 146) 113
(70, 209) 15
(56, 149) 2
(171, 369) 3
(208, 517) 1
(154, 577) 61
(146, 299) 27
(39, 367) 2
(1, 367) 5
(130, 320) 128
(45, 489) 157
(125, 272) 7
(57, 395) 10
(39, 143) 73
(167, 481) 6
(155, 505) 38
(87, 131) 51
(126, 273) 518
(128, 330) 4
(130, 569) 36
(96, 137) 95
(168, 518) 7
(2, 74) 2
(136, 559) 32
(143, 471) 74
(123, 282) 12
(15, 536) 1
(142, 144) 99
(45, 337) 29
(146, 552) 25
(550, 593) 2
(282, 379) 2
(174, 325) 47
(142, 516) 5
(142, 434) 9
(70, 288) 11
(22, 196) 26
(187, 202) 76
(175, 302) 55
(178, 510) 457
(143, 154) 1147
(147, 223) 63
(76, 143) 119
(152, 327) 62
(30, 360) 26
(71, 523) 4
(173, 202) 20
(143, 440) 75
(38, 166) 43
(130, 159) 107
(121, 474) 49
(50, 93) 80
(249, 523) 1
(434, 435) 518
(65, 365) 142
(187, 195) 19
(26, 146) 25
(209, 210) 85
(197, 427) 22
(169, 518) 7
(149, 285) 3
(116, 285) 5
(156, 366) 55
(146, 312) 26
(71, 200) 28
(402, 545) 1
(22, 57) 80
(81, 230) 185
(60, 155) 55
(191, 292) 2
(32, 403) 200
(31, 165) 52
(197, 370) 22
(90, 393) 23
(185, 192) 169
(99, 477) 54
(129, 470) 22
(4, 255) 5
(122, 248) 2
(177, 371) 518
(144, 447) 30
(93, 393) 47
(130, 254) 128
(116, 395) 6
(35, 167) 15
(58, 268) 12
(168, 452) 8
(70, 577) 10
(144, 349) 39
(18, 36) 68
(172, 395) 3
(30, 306) 26
(197, 413) 22
(63, 503) 72
(1, 21) 94
(203, 497) 45
(59, 340) 5
(298, 561) 1
(82, 408) 2
(65, 496) 453
(11, 156) 55
(285, 341) 4
(105, 412) 7
(71, 190) 18
(117, 268) 2
(32, 417) 86
(104, 393) 8
(179, 306) 2
(125, 135) 12
(93, 307) 47
(131, 439) 3
(98, 532) 10
(121, 493) 518
(143, 260) 74
(93, 164) 95
(4, 513) 1
(117, 149) 2
(61, 326) 9
(173, 268) 5
(67, 163) 91
(282, 517) 1
(63, 313) 90
(21, 99) 225
(21, 542) 151
(116, 362) 5
(189, 396) 5
(208, 261) 2
(70, 303) 11
(37, 446) 2
(60, 196) 5
(98, 115) 10
(105, 534) 34
(146, 519) 52
(146, 464) 26
(186, 260) 18
(149, 368) 3
(121, 453) 35
(97, 486) 65
(113, 156) 177
(65, 81) 316
(104, 489) 17
(56, 268) 2
(148, 242) 17
(561, 562) 514
(138, 392) 7
(47, 86) 38
(141, 376) 4
(15, 57) 14
(30, 423) 2
(19, 58) 30
(205, 517) 1
(151, 244) 54
(63, 269) 8
(121, 270) 36
(175, 553) 54
(14, 195) 5
(144, 307) 121
(147, 299) 21
(130, 305) 128
(131, 421) 3
(168, 441) 8
(171, 465) 3
(135, 544) 5
(155, 315) 47
(90, 163) 33
(93, 182) 101
(4, 76) 26
(115, 268) 52
(249, 387) 2
(104, 170) 13
(106, 178) 134
(179, 514) 3
(93, 515) 89
(5, 124) 3
(335, 336) 518
(139, 144) 246
(235, 593) 3
(130, 264) 415
(81, 84) 115
(463, 577) 1
(177, 438) 76
(197, 480) 22
(63, 93) 57
(39, 97) 18
(59, 368) 6
(298, 533) 1
(81, 163) 118
(249, 303) 2
(393, 487) 23
(116, 242) 6
(75, 272) 2
(95, 296) 12
(154, 282) 64
(392, 545) 1
(31, 560) 10
(208, 235) 4
(92, 546) 22
(93, 279) 358
(96, 106) 67
(149, 395) 3
(124, 568) 1
(88, 137) 58
(455, 545) 1
(26, 534) 1
(173, 368) 6
(104, 478) 11
(69, 175) 95
(163, 294) 49
(54, 70) 72
(146, 223) 59
(57, 149) 10
(26, 441) 2
(121, 176) 122
(39, 548) 1
(45, 104) 31
(17, 74) 32
(36, 143) 137
(39, 434) 3
(188, 405) 104
(156, 206) 51
(44, 238) 2
(96, 97) 20
(189, 370) 5
(84, 85) 22
(198, 480) 97
(85, 391) 30
(106, 489) 45
(108, 552) 55
(35, 280) 13
(60, 368) 3
(118, 326) 2
(36, 181) 6
(35, 233) 29
(57, 340) 11
(130, 354) 131
(186, 432) 6
(123, 577) 11
(35, 547) 12
(90, 321) 518
(92, 560) 18
(56, 465) 2
(166, 367) 14
(32, 546) 79
(173, 465) 5
(71, 438) 53
(183, 199) 50
(97, 532) 10
(155, 577) 38
(36, 516) 1
(50, 239) 195
(31, 403) 96
(76, 568) 154
(149, 196) 15
(153, 206) 2
(84, 133) 517
(52, 110) 10
(188, 427) 104
(1, 115) 155
(39, 234) 4
(168, 412) 12
(179, 402) 2
(199, 480) 26
(130, 415) 128
(19, 196) 6
(152, 357) 62
(151, 503) 55
(106, 475) 71
(92, 154) 225
(140, 430) 130
(96, 460) 518
(97, 434) 12
(45, 50) 51
(69, 353) 20
(32, 348) 82
(142, 471) 7
(18, 212) 364
(92, 115) 22
(169, 186) 53
(186, 309) 18
(169, 283) 10
(184, 407) 518
(97, 309) 11
(130, 557) 125
(187, 363) 518
(69, 584) 15
(119, 383) 38
(34, 167) 26
(20, 291) 8
(59, 149) 4
(60, 285) 4
(81, 573) 182
(144, 501) 518
(93, 451) 63
(116, 465) 5
(152, 522) 61
(198, 445) 97
(162, 178) 53
(112, 116) 7
(59, 115) 15
(123, 414) 320
(36, 575) 1
(56, 341) 125
(97, 575) 10
(118, 151) 70
(11, 69) 20
(30, 163) 98
(123, 271) 13
(35, 308) 33
(56, 143) 112
(138, 455) 7
(27, 69) 20
(128, 252) 3
(144, 492) 92
(71, 372) 73
(57, 368) 10
(58, 155) 54
(39, 335) 3
(5, 75) 3
(139, 163) 62
(70, 505) 12
(37, 181) 15
(58, 465) 12
(167, 491) 5
(56, 580) 4
(138, 162) 3
(0, 143) 1179
(148, 194) 33
(50, 147) 46
(108, 464) 56
(54, 60) 17
(46, 89) 500
(151, 537) 52
(171, 368) 3
(140, 347) 7
(70, 353) 11
(113, 116) 57
(24, 110) 32
(31, 515) 16
(51, 266) 36
(142, 424) 8
(92, 531) 22
(39, 142) 13
(22, 194) 453
(65, 567) 141
(13, 389) 518
(69, 209) 37
(70, 190) 4
(163, 360) 49
(188, 352) 104
(121, 553) 30
(105, 108) 122
(105, 423) 15
(131, 230) 3
(57, 196) 18
(50, 464) 195
(70, 344) 11
(143, 434) 75
(112, 153) 23
(58, 368) 13
(186, 446) 18
(35, 461) 33
(144, 361) 518
(37, 167) 15
(97, 335) 12
(156, 539) 88
(159, 163) 109
(70, 177) 374
(199, 445) 28
(36, 446) 2
(122, 247) 9
(32, 211) 234
(14, 536) 1
(24, 536) 1
(242, 243) 518
(153, 577) 1
(45, 563) 122
(137, 558) 87
(178, 587) 112
(93, 295) 90
(38, 167) 6
(31, 123) 386
(65, 270) 142
(85, 136) 36
(187, 194) 18
(174, 444) 518
(35, 323) 13
(76, 135) 4
(375, 545) 1
(65, 485) 142
(30, 159) 82
(161, 391) 10
(144, 441) 26
(76, 585) 153
(192, 571) 60
(31, 164) 21
(344, 358) 2
(71, 344) 7
(93, 288) 78
(168, 478) 8
(137, 255) 4
(121, 482) 35
(174, 340) 48
(88, 160) 89
(4, 559) 1
(1, 575) 1
(184, 190) 13
(39, 181) 9
(60, 465) 2
(188, 203) 17
(184, 414) 110
(65, 538) 141
(90, 514) 130
(152, 342) 63
(99, 186) 17
(156, 358) 9
(30, 347) 11
(131, 305) 3
(93, 115) 24
(93, 574) 89
(82, 305) 2
(35, 166) 26
(53, 267) 518
(130, 293) 128
(70, 366) 11
(115, 395) 52
(18, 183) 150
(174, 242) 48
(30, 416) 16
(15, 195) 6
(18, 37) 44
(205, 379) 6
(152, 302) 62
(32, 574) 79
(162, 430) 2
(56, 202) 5
(189, 246) 8
(4, 231) 5
(63, 393) 24
(32, 307) 49
(35, 222) 518
(57, 224) 518
(97, 393) 42
(171, 341) 6
(45, 436) 67
(1, 432) 5
(175, 538) 54
(125, 134) 38
(147, 284) 27
(81, 293) 185
(82, 429) 2
(26, 563) 1
(174, 465) 47
(379, 577) 1
(31, 456) 17
(146, 203) 75
(21, 98) 45
(26, 418) 2
(298, 463) 2
(82, 400) 3
(50, 284) 294
(71, 182) 75
(61, 244) 6
(93, 560) 54
(125, 568) 5
(97, 499) 13
(26, 324) 2
(282, 561) 1
(45, 115) 55
(30, 402) 38
(159, 586) 57
(35, 37) 55
(148, 268) 13
(168, 578) 7
(138, 294) 7
(17, 469) 518
(163, 306) 49
(31, 211) 118
(206, 500) 2
(27, 156) 55
(65, 449) 142
(39, 260) 2
(15, 56) 3
(57, 242) 11
(117, 285) 2
(136, 255) 2
(156, 226) 14
(140, 356) 84
(141, 456) 4
(70, 438) 2
(143, 484) 190
(174, 368) 48
(124, 555) 44
(169, 349) 10
(189, 413) 5
(65, 474) 173
(178, 219) 518
(144, 412) 27
(168, 472) 9
(261, 310) 2
(154, 205) 1122
(156, 249) 47
(86, 126) 88
(93, 285) 93
(131, 429) 3
(99, 481) 12
(154, 387) 64
(135, 231) 7
(105, 349) 35
(109, 381) 518
(167, 424) 2
(151, 466) 55
(62, 326) 3
(63, 92) 42
(104, 472) 13
(105, 494) 43
(199, 396) 26
(26, 447) 2
(81, 373) 189
(45, 263) 122
(37, 424) 2
(147, 565) 17
(131, 293) 3
(155, 206) 41
(121, 287) 35
(147, 312) 19
(115, 364) 379
(152, 482) 62
(26, 337) 67
(65, 583) 141
(63, 244) 72
(144, 551) 86
(60, 395) 3
(115, 285) 13
(116, 149) 5
(30, 278) 38
(50, 519) 29
(26, 551) 1
(70, 249) 11
(310, 550) 3
(153, 310) 2
(156, 344) 36
(147, 464) 19
(179, 278) 2
(142, 451) 7
(143, 499) 74
(55, 109) 14
(96, 98) 25
(186, 281) 5
(206, 235) 4
(79, 155) 184
(282, 533) 1
(393, 404) 2
(78, 252) 73
(143, 181) 264
(199, 437) 26
(156, 288) 9
(29, 409) 4
(105, 472) 6
(186, 462) 20
(10, 144) 518
(30, 215) 16
(51, 110) 17
(45, 213) 158
(472, 473) 518
(168, 263) 8
(80, 153) 119
(45, 63) 54
(45, 394) 518
(174, 285) 44
(146, 284) 41
(71, 288) 5
(68, 247) 170
(69, 271) 20
(166, 186) 40
(152, 287) 62
(67, 140) 140
(164, 431) 12
(92, 156) 21
(149, 195) 53
(154, 190) 208
(173, 242) 8
(156, 174) 80
(85, 161) 40
(58, 143) 81
(186, 440) 18
(97, 440) 11
(153, 523) 1
(261, 298) 2
(155, 366) 41
(179, 356) 5
(26, 412) 6
(382, 395) 27
(165, 281) 71
(43, 238) 6
(81, 439) 392
(563, 564) 514
(123, 387) 13
(198, 467) 73
(156, 310) 55
(123, 205) 269
(106, 472) 37
(17, 600) 514
(146, 380) 26
(1, 92) 303
(143, 532) 73
(130, 373) 128
(96, 461) 199
(188, 419) 104
(24, 58) 396
(136, 137) 4
(143, 462) 91
(86, 88) 8
(172, 325) 2
(138, 356) 6
(85, 544) 59
(106, 432) 37
(152, 365) 62
(298, 500) 2
(158, 569) 8
(128, 161) 76
(41, 46) 119
(186, 532) 17
(316, 317) 518
(158, 470) 7
(70, 372) 14
(104, 578) 9
(112, 117) 26
(6, 81) 110
(90, 347) 14
(71, 271) 7
(55, 113) 6
(148, 341) 14
(166, 481) 2
(152, 453) 62
(153, 505) 3
(64, 103) 344
(50, 595) 442
(197, 437) 22
(144, 207) 518
(168, 197) 99
(155, 599) 514
(119, 286) 6
(105, 436) 5
(54, 58) 44
(310, 517) 1
(39, 516) 2
(61, 503) 6
(7, 144) 110
(45, 349) 134
(29, 163) 56
(475, 477) 7
(97, 451) 11
(5, 74) 9
(131, 543) 2
(65, 314) 142
(299, 300) 518
(139, 162) 2
(198, 437) 97
(182, 196) 33
(138, 278) 7
(123, 406) 518
(106, 418) 37
(36, 393) 48
(58, 65) 98
(88, 126) 39
(173, 325) 5
(123, 208) 320
(68, 122) 70
(141, 295) 4
(132, 276) 37
(282, 463) 2
(70, 358) 11
(95, 378) 2
(45, 487) 78
(55, 71) 96
(99, 115) 101
(22, 195) 24
(115, 351) 126
(65, 121) 160
(32, 531) 79
(36, 432) 2
(80, 85) 39
(44, 107) 508
(62, 286) 3
(156, 282) 51
(157, 388) 141
(70, 206) 11
(2, 509) 4
(185, 510) 7
(96, 378) 115
(130, 512) 125
(154, 288) 52
(191, 304) 27
(175, 202) 79
(235, 282) 4
(112, 154) 66
(77, 126) 518
(298, 550) 3
(142, 432) 7
(21, 220) 502
(152, 474) 71
(174, 442) 518
(106, 404) 36
(18, 511) 22
(76, 137) 17
(99, 143) 61
(155, 570) 164
(205, 561) 1
(71, 205) 393
(93, 96) 150
(117, 182) 12
(28, 256) 28
(105, 337) 36
(46, 114) 518
(78, 304) 271
(155, 344) 41
(34, 258) 14
(109, 241) 65
(167, 575) 1
(98, 335) 10
(61, 313) 9
(156, 505) 10
(105, 263) 5
(53, 111) 518
(138, 402) 7
(123, 298) 13
(71, 303) 7
(31, 167) 53
(179, 294) 2
(197, 203) 41
(198, 203) 26
(550, 577) 2
(98, 471) 9
(69, 310) 20
(142, 532) 5
(144, 147) 145
(129, 345) 518
(166, 516) 13
(45, 152) 135
(56, 196) 6
(147, 239) 19
(82, 415) 2
(11, 153) 2
(168, 311) 19
(344, 366) 2
(169, 472) 13
(575, 576) 514
(119, 466) 38
(137, 231) 4
(121, 490) 518
(175, 342) 56
(182, 187) 75
(166, 575) 1
(189, 203) 43
(47, 264) 45
(199, 427) 26
(65, 287) 142
(95, 161) 33
(70, 298) 11
(71, 184) 26
(184, 420) 518
(140, 375) 91
(87, 88) 32
(26, 404) 2
(185, 541) 6
(37, 516) 1
(131, 527) 2
(155, 303) 41
(45, 452) 122
(91, 138) 28
(144, 423) 40
(82, 587) 12
(162, 422) 6
(21, 97) 457
(172, 368) 3
(356, 423) 3
(56, 65) 83
(166, 335) 3
(169, 441) 10
(43, 262) 184
(45, 534) 122
(142, 484) 12
(168, 436) 8
(81, 88) 188
(102, 109) 28
(393, 478) 2
(144, 563) 37
(108, 380) 56
(144, 578) 28
(1, 434) 9
(147, 265) 63
(32, 322) 82
(15, 59) 7
(19, 60) 2
(90, 360) 29
(169, 418) 10
(97, 471) 11
(119, 520) 3
(122, 386) 2
(95, 547) 1
(167, 477) 43
(98, 548) 9
(134, 558) 1
(1, 411) 6
(69, 298) 22
(17, 316) 360
(144, 324) 35
(500, 577) 1
(93, 180) 165
(105, 447) 5
(59, 268) 5
(167, 434) 3
(78, 390) 436
(82, 573) 1
(69, 187) 6
(34, 143) 152
(129, 161) 12
(57, 465) 10
(149, 174) 51
(45, 269) 288
(31, 334) 27
(130, 192) 72
(39, 446) 2
(61, 141) 20
(136, 231) 2
(155, 200) 43
(67, 122) 10
(32, 456) 82
(105, 518) 34
(36, 234) 52
(37, 575) 1
(168, 418) 19
(98, 575) 8
(157, 554) 514
(127, 470) 11
(26, 198) 13
(32, 150) 300
(141, 279) 6
(76, 525) 255
(153, 249) 4
(144, 404) 30
(152, 553) 61
(70, 523) 10
(168, 425) 65
(172, 465) 2
(45, 93) 45
(104, 551) 13
(162, 347) 2
(163, 347) 28
(40, 46) 11
(136, 513) 1
(121, 197) 187
(157, 468) 516
(92, 322) 25
(57, 155) 65
(80, 601) 514
(105, 163) 77
(93, 531) 89
(156, 200) 56
(69, 372) 36
(235, 577) 3
(141, 498) 4
(325, 341) 4
(71, 298) 7
(96, 99) 139
(37, 476) 18
(118, 286) 2
(36, 367) 2
(115, 174) 45
(32, 164) 86
(164, 417) 4
(153, 298) 4
(298, 517) 1
(61, 466) 6
(119, 170) 57
(50, 312) 195
(92, 456) 25
(70, 315) 11
(21, 511) 156
(95, 280) 2
(80, 154) 61
(152, 567) 61
(45, 393) 4
(85, 231) 59
(130, 275) 128
(131, 557) 2
(152, 497) 326
(104, 447) 11
(105, 311) 38
(144, 534) 37
(96, 233) 176
(121, 522) 30
(106, 478) 36
(218, 225) 518
(71, 577) 6
(149, 194) 58
(153, 204) 4
(84, 135) 75
(29, 215) 43
(90, 423) 5
(163, 423) 2
(148, 465) 13
(155, 353) 41
(65, 342) 143
(69, 358) 19
(142, 548) 5
(35, 97) 81
(2, 289) 4
(298, 379) 2
(65, 553) 141
(175, 270) 56
(507, 508) 2
(90, 140) 17
(123, 204) 18
(50, 228) 274
(31, 410) 518
(73, 93) 120
(278, 545) 1
(93, 456) 90
(130, 191) 74
(148, 368) 13
(97, 432) 7
(81, 587) 95
(79, 192) 120
(155, 358) 39
(121, 314) 35
(127, 185) 5
(36, 309) 2
(85, 559) 65
(31, 498) 17
(163, 375) 49
(74, 134) 24
(97, 548) 10
(425, 426) 518
(155, 593) 43
(50, 552) 191
(108, 535) 55
(1, 481) 3
(36, 491) 35
(39, 451) 6
(60, 268) 2
(151, 383) 55
(29, 169) 94
(140, 423) 8
(235, 310) 4
(149, 325) 3
(138, 144) 101
(172, 285) 2
(117, 174) 44
(182, 194) 90
(55, 112) 80
(59, 117) 38
(131, 512) 2
(98, 424) 11
(64, 120) 517
(249, 505) 3
(104, 404) 11
(143, 548) 74
(163, 179) 90
(146, 169) 67
(168, 198) 2
(96, 547) 110
(81, 305) 185
(100, 107) 11
(11, 71) 7
(128, 185) 12
(186, 483) 146
(80, 572) 93
(153, 282) 2
(27, 71) 7
(35, 135) 13
(0, 99) 220
(154, 271) 64
(135, 160) 18
(61, 301) 12
(116, 448) 5
(33, 94) 516
(197, 445) 22
(306, 545) 1
(71, 73) 13
(74, 136) 25
(130, 573) 125
(50, 145) 303
(1, 499) 5
(97, 106) 30
(81, 557) 182
(82, 254) 2
(65, 385) 453
(34, 135) 18
(31, 546) 16
(476, 477) 5
(97, 475) 33
(152, 538) 61
(404, 425) 3
(108, 299) 57
(261, 577) 1
(39, 281) 4
(8, 121) 518
(85, 570) 72
(138, 529) 6
(17, 509) 359
(131, 373) 3
(30, 356) 30
(92, 307) 32
(57, 202) 16
(123, 288) 11
(78, 191) 52
(61, 93) 250
(121, 357) 35
(140, 332) 362
(112, 155) 35
(58, 382) 32
(166, 440) 14
(97, 476) 148
(108, 239) 56
(19, 56) 3
(166, 532) 1
(167, 411) 48
(121, 583) 30
(174, 443) 518
(36, 440) 2
(130, 527) 125
(99, 142) 42
(7, 105) 42
(65, 482) 142
(71, 204) 29
(71, 539) 29
(81, 543) 182
(344, 353) 2
(186, 367) 18
(98, 477) 15
(45, 578) 121
(45, 472) 123
(142, 440) 7
(1, 548) 1
(187, 196) 11
(65, 519) 165
(30, 455) 26
(106, 412) 36
(235, 237) 518
(71, 387) 7
(199, 590) 95
(22, 536) 26
(97, 462) 15
(82, 421) 2
(32, 295) 82
(92, 257) 25
(129, 252) 118
(58, 202) 21
(22, 60) 21
(172, 182) 72
(31, 166) 292
(131, 433) 3
(97, 481) 65
(123, 523) 10
(56, 395) 3
(148, 369) 16
(75, 142) 109
(105, 425) 5
(117, 202) 29
(155, 523) 32
(249, 271) 2
(12, 106) 123
(71, 194) 475
(75, 135) 59
(35, 134) 104
(78, 144) 154
(45, 441) 90
(29, 159) 38
(105, 489) 21
(59, 395) 6
(169, 263) 10
(500, 593) 1
(157, 176) 80
(105, 324) 29
(45, 144) 48
(138, 306) 7
(32, 560) 39
(4, 80) 91
(80, 391) 107
(156, 523) 8
(144, 425) 28
(71, 187) 32
(37, 434) 3
(131, 254) 3
(78, 155) 175
(169, 551) 7
(98, 486) 10
(101, 107) 22
(49, 125) 56
(103, 262) 9
(130, 429) 128
(97, 166) 304
(169, 337) 78
(106, 393) 32
(34, 378) 31
(199, 419) 26
(1, 440) 5
(92, 164) 29
(153, 344) 2
(27, 153) 2
(41, 101) 58
(149, 268) 3
(188, 396) 104
(180, 227) 208
(58, 285) 12
(98, 481) 10
(104, 563) 10
(104, 349) 14
(50, 124) 174
(69, 288) 19
(14, 110) 39
(75, 76) 22
(28, 94) 139
(123, 344) 14
(197, 396) 22
(117, 362) 12
(179, 332) 22
(15, 58) 30
(167, 335) 3
(80, 191) 87
(35, 457) 50
(35, 95) 22
(18, 253) 22
(175, 365) 55
(167, 476) 5
(83, 276) 399
(136, 160) 2
(104, 324) 10
(2, 13) 10
(191, 571) 119
(32, 144) 181
(128, 318) 185
(129, 160) 41
(208, 561) 42
(337, 338) 518
(47, 88) 29
(1, 309) 5
(45, 519) 108
(82, 275) 2
(118, 520) 1
(63, 286) 90
(368, 369) 42
(98, 499) 9
(118, 269) 51
(65, 183) 155
(85, 513) 58
(32, 56) 28
(169, 324) 16
(48, 88) 29
(32, 151) 165
(31, 417) 54
(108, 565) 55
(56, 368) 3
(56, 285) 4
(129, 185) 18
(78, 569) 56
(31, 441) 30
(135, 391) 19
(69, 505) 20
(142, 335) 9
(119, 537) 35
(61, 566) 8
(142, 592) 514
(38, 234) 5
(97, 260) 11
(68, 131) 67
(141, 190) 110
(143, 174) 214
(59, 285) 5
(69, 593) 21
(54, 69) 62
(37, 462) 2
(166, 281) 5
(206, 463) 2
(117, 325) 2
(9, 31) 518
(108, 579) 514
(92, 498) 25
(347, 545) 5
(169, 404) 10
(26, 311) 2
(34, 96) 32
(144, 283) 88
(36, 281) 3
(186, 234) 4
(294, 545) 1
