(67, 248) 4
(68, 138) 8
(22, 57) 51
(81, 230) 2
(142, 309) 1
(32, 403) 3
(197, 370) 2
(119, 286) 2
(48, 86) 1
(185, 192) 1
(7, 144) 23
(99, 477) 6
(104, 494) 4
(5, 74) 4
(57, 196) 2
(7, 168) 7
(3, 193) 14
(198, 437) 2
(205, 550) 2049
(80, 155) 4
(104, 168) 3
(115, 395) 2
(4, 255) 3
(123, 406) 4
(93, 358) 1
(177, 371) 4
(69, 73) 2
(104, 311) 1
(178, 192) 3
(130, 254) 2
(123, 208) 3
(81, 86) 7
(95, 98) 6
(116, 229) 4
(30, 409) 1
(119, 269) 2
(144, 349) 1
(213, 221) 4
(121, 327) 4
(92, 180) 8
(57, 142) 83
(163, 422) 2
(78, 191) 3
(30, 306) 3
(55, 71) 2
(140, 392) 1
(22, 195) 2
(1, 21) 65
(203, 497) 2
(59, 340) 2
(65, 121) 29
(130, 400) 4
(65, 496) 4
(29, 163) 4
(155, 205) 139
(71, 190) 2
(82, 84) 2
(44, 107) 4
(140, 144) 3
(144, 207) 4
(157, 388) 14
(128, 185) 1
(32, 417) 3
(174, 443) 4
(2, 509) 2
(125, 135) 3
(96, 378) 4
(154, 288) 2
(198, 352) 2
(73, 92) 7
(121, 493) 4
(77, 126) 4
(93, 164) 2
(50, 299) 6
(50, 284) 3
(21, 121) 420
(30, 162) 2
(67, 163) 6
(21, 220) 8
(104, 412) 1
(51, 100) 4
(21, 99) 185
(174, 442) 4
(76, 272) 1
(147, 380) 1
(157, 250) 4
(140, 278) 1
(99, 143) 13
(140, 143) 26
(74, 135) 2
(143, 144) 9
(71, 205) 385
(135, 255) 1
(93, 96) 2
(104, 436) 1
(505, 506) 4
(17, 291) 2
(169, 452) 2
(28, 256) 2
(163, 455) 1
(92, 295) 2
(96, 323) 4
(119, 313) 2
(171, 202) 4
(138, 422) 2
(78, 304) 4
(113, 156) 4
(155, 344) 2
(65, 81) 55
(20, 555) 21
(81, 354) 4
(172, 242) 4
(60, 143) 2
(354, 355) 4
(148, 242) 2
(144, 263) 1
(127, 161) 4
(121, 314) 4
(47, 86) 1
(53, 111) 4
(59, 116) 6
(15, 57) 2
(105, 162) 1
(92, 99) 53
(151, 244) 2
(74, 142) 16
(121, 270) 5
(168, 199) 6
(25, 181) 2
(144, 307) 2
(147, 299) 2
(130, 305) 2
(155, 315) 4
(197, 203) 2
(90, 163) 6
(104, 404) 1
(115, 268) 2
(2, 76) 21
(144, 495) 4
(144, 147) 16
(299, 300) 4
(13, 20) 7
(57, 369) 4
(88, 126) 9
(63, 326) 1
(45, 152) 2
(57, 351) 2
(198, 427) 2
(59, 242) 6
(115, 465) 2
(104, 170) 3
(106, 178) 23
(147, 239) 1
(81, 408) 2
(142, 462) 2
(335, 336) 4
(5, 76) 4
(139, 144) 3
(3, 143) 918
(155, 282) 2
(104, 418) 1
(130, 264) 4
(123, 210) 3
(50, 142) 32
(81, 84) 4
(20, 316) 4
(177, 438) 3
(97, 105) 6
(197, 480) 2
(12, 93) 4
(169, 472) 4
(96, 460) 4
(119, 466) 2
(121, 490) 4
(30, 402) 3
(57, 382) 4
(144, 447) 1
(182, 187) 4
(78, 292) 3
(32, 376) 2
(189, 203) 2
(105, 138) 2
(171, 328) 4
(81, 163) 3
(0, 234) 6
(35, 37) 6
(154, 505) 4
(74, 134) 2
(2, 316) 4
(154, 282) 2
(104, 283) 1
(144, 404) 1
(62, 151) 5
(184, 420) 4
(104, 425) 2
(93, 279) 3
(115, 340) 2
(50, 380) 3
(1, 39) 10
(197, 405) 2
(130, 408) 2
(87, 88) 3
(57, 201) 4
(29, 179) 2
(140, 333) 4
(155, 303) 2
(20, 289) 2
(80, 252) 1
(20, 125) 20
(104, 478) 1
(91, 138) 1
(163, 294) 1
(54, 70) 1
(146, 223) 2
(121, 176) 20
(130, 454) 4
(115, 182) 8
(154, 310) 2
(184, 407) 4
(21, 97) 386
(36, 143) 4
(14, 59) 6
(59, 202) 10
(59, 325) 2
(167, 281) 2
(7, 104) 7
(169, 441) 2
(43, 262) 4
(400, 401) 4
(59, 368) 2
(154, 206) 2
(132, 276) 2
(80, 191) 1
(17, 469) 4
(142, 484) 3
(22, 58) 17
(198, 480) 2
(121, 365) 4
(115, 285) 2
(1, 486) 1
(76, 555) 19
(0, 142) 181
(143, 388) 18
(96, 458) 4
(162, 193) 1
(155, 569) 3
(163, 193) 6
(42, 51) 4
(1, 434) 6
(104, 393) 1
(122, 138) 7
(40, 101) 8
(32, 322) 2
(86, 126) 3
(115, 341) 2
(15, 59) 2
(90, 321) 4
(169, 418) 2
(7, 26) 1
(68, 81) 2
(68, 247) 1
(57, 217) 4
(164, 403) 1
(71, 438) 1
(120, 384) 4
(183, 199) 1
(92, 348) 2
(144, 324) 1
(50, 239) 3
(72, 508) 4
(59, 268) 2
(78, 390) 4
(35, 136) 1
(92, 431) 3
(121, 453) 4
(34, 143) 6
(155, 329) 4
(52, 110) 2
(45, 269) 1
(74, 272) 2
(1, 115) 45
(11, 155) 2
(155, 200) 2
(32, 456) 2
(169, 198) 25
(130, 415) 2
(71, 184) 4
(115, 325) 2
(151, 503) 2
(1, 335) 6
(169, 478) 2
(92, 154) 191
(121, 488) 4
(144, 472) 2
(187, 194) 4
(130, 346) 4
(32, 150) 6
(140, 430) 2
(45, 143) 9
(153, 249) 2
(29, 416) 3
(197, 413) 2
(40, 83) 2
(59, 465) 2
(45, 50) 11
(67, 140) 6
(32, 348) 2
(142, 471) 1
(197, 419) 2
(71, 398) 4
(169, 283) 2
(76, 142) 4
(1, 471) 3
(96, 280) 4
(98, 116) 3
(35, 297) 4
(104, 452) 1
(187, 363) 4
(197, 352) 2
(39, 491) 4
(149, 195) 2
(126, 273) 4
(119, 383) 2
(40, 46) 4
(20, 291) 2
(59, 149) 2
(121, 197) 27
(157, 468) 4
(91, 140) 3
(92, 322) 2
(154, 190) 2
(144, 501) 4
(53, 120) 12
(92, 376) 2
(96, 160) 42
(198, 445) 2
(96, 214) 4
(121, 152) 7
(31, 166) 256
(104, 447) 1
(19, 57) 2
(123, 414) 2
(169, 447) 2
(96, 99) 95
(32, 232) 5
(56, 341) 2
(188, 199) 1
(226, 412) 2
(130, 230) 2
(118, 151) 4
(22, 56) 4
(30, 163) 33
(45, 324) 11
(104, 213) 8
(56, 143) 2
(50, 125) 11
(34, 259) 2
(32, 164) 5
(130, 421) 2
(4, 96) 20
(164, 417) 1
(144, 492) 2
(71, 372) 4
(208, 561) 1
(174, 479) 2
(119, 170) 1
(141, 227) 1
(50, 312) 3
(54, 113) 1
(62, 286) 1
(139, 163) 1
(92, 456) 2
(337, 339) 4
(80, 154) 2
(101, 132) 4
(130, 275) 2
(155, 366) 2
(0, 143) 1067
(152, 497) 2
(148, 194) 2
(167, 481) 2
(89, 256) 2
(130, 225) 8
(22, 51) 100
(23, 58) 4
(96, 233) 4
(46, 89) 8
(155, 505) 4
(218, 225) 4
(80, 166) 1
(121, 485) 4
(149, 194) 2
(113, 116) 1
(59, 115) 8
(18, 39) 3
(178, 319) 4
(29, 215) 3
(169, 324) 8
(51, 266) 4
(142, 424) 2
(46, 107) 10
(123, 154) 18
(22, 194) 416
(35, 97) 8
(169, 425) 5
(2, 289) 2
(163, 360) 1
(154, 200) 2
(142, 367) 1
(128, 159) 3
(12, 90) 3
(175, 270) 1
(90, 140) 3
(105, 108) 1
(105, 423) 2
(97, 258) 2
(67, 386) 4
(50, 502) 3
(86, 87) 1
(125, 136) 1
(144, 452) 1
(144, 436) 1
(50, 228) 4
(31, 410) 4
(50, 464) 3
(155, 298) 2
(85, 86) 3
(99, 115) 50
(198, 396) 2
(49, 240) 4
(21, 511) 4
(3, 487) 2
(2, 125) 2
(189, 199) 2
(152, 199) 2
(144, 361) 4
(50, 216) 4
(46, 114) 4
(79, 192) 2
(155, 358) 3
(51, 101) 26
(16, 65) 4
(115, 448) 4
(159, 163) 2
(70, 177) 241
(30, 169) 27
(30, 416) 1
(169, 436) 2
(122, 247) 3
(163, 375) 1
(32, 211) 4
(155, 249) 2
(171, 242) 4
(1, 432) 3
(425, 426) 4
(242, 243) 4
(0, 169) 192
(81, 415) 2
(1, 481) 1
(102, 110) 2
(147, 265) 2
(151, 383) 2
(18, 25) 2
(29, 169) 14
(1, 411) 4
(245, 246) 4
(212, 220) 4
(141, 232) 4
(125, 137) 1
(144, 412) 1
(1, 96) 42
(30, 294) 3
(130, 359) 4
(174, 444) 4
(27, 154) 2
(182, 194) 2
(55, 112) 2
(154, 353) 2
(59, 117) 3
(31, 324) 17
(76, 135) 1
(64, 120) 8
(19, 59) 2
(65, 188) 3
(30, 159) 14
(163, 179) 2
(146, 169) 13
(144, 441) 1
(166, 281) 2
(81, 305) 2
(142, 432) 1
(59, 65) 45
(54, 59) 10
(186, 483) 4
(146, 265) 2
(121, 482) 4
(0, 99) 167
(88, 160) 21
(28, 89) 6
(7, 169) 42
(154, 271) 2
(65, 246) 12
(1, 92) 233
(83, 132) 2
(169, 412) 4
(61, 150) 2
(140, 402) 1
(63, 301) 3
(121, 302) 4
(61, 301) 1
(99, 186) 12
(71, 153) 9
(33, 94) 12
(197, 445) 2
(71, 73) 1
(30, 347) 3
(74, 136) 2
(93, 115) 3
(115, 351) 2
(50, 145) 2
(92, 232) 3
(119, 326) 2
(1, 499) 3
(152, 173) 1
(63, 286) 1
(49, 108) 1
(53, 267) 4
(97, 106) 16
(130, 293) 2
(50, 350) 4
(20, 290) 2
(65, 385) 4
(18, 183) 1
(99, 481) 5
(59, 155) 200
(153, 204) 2
(51, 241) 4
(130, 373) 2
(205, 379) 4
(51, 120) 28
(163, 425) 1
(58, 337) 11
(96, 457) 2
(95, 259) 2
(8, 121) 4
(99, 104) 30
(4, 231) 3
(41, 83) 6
(32, 307) 2
(81, 293) 2
(155, 204) 2
(28, 374) 4
(35, 222) 4
(175, 202) 1
(57, 224) 4
(97, 393) 3
(30, 356) 6
(115, 362) 4
(76, 391) 4
(92, 307) 1
(109, 381) 4
(125, 134) 1
(32, 59) 362
(147, 284) 1
(102, 109) 2
(6, 356) 3
(121, 357) 4
(140, 332) 4
(168, 337) 1
(97, 476) 2
(163, 430) 2
(121, 177) 260
(92, 153) 17
(21, 98) 10
(20, 509) 2
(115, 368) 2
(97, 424) 2
(37, 143) 10
(157, 176) 14
(63, 313) 1
(81, 429) 2
(169, 263) 2
(99, 142) 10
(7, 105) 4
(180, 279) 1
(3, 492) 2
(97, 281) 6
(154, 344) 2
(155, 271) 2
(30, 392) 3
(197, 467) 2
(33, 51) 20
(71, 561) 1
(169, 311) 2
(17, 143) 10
(198, 370) 2
(33, 377) 4
(59, 143) 70
(130, 331) 4
(142, 440) 1
(119, 169) 21
(123, 184) 6
(163, 306) 1
(81, 88) 1
(121, 449) 4
(104, 263) 1
(130, 174) 57
(30, 455) 3
(235, 237) 4
(65, 108) 2
(129, 318) 3
(97, 462) 2
(141, 307) 1
(32, 295) 2
(28, 94) 8
(92, 257) 2
(45, 144) 2
(98, 281) 4
(143, 484) 1
(22, 60) 2
(157, 399) 4
(21, 25) 8
(54, 57) 10
(124, 555) 2
(84, 277) 4
(81, 320) 2
(84, 133) 4
(106, 143) 23
(169, 349) 2
(159, 470) 4
(147, 502) 1
(52, 109) 2
(175, 182) 2
(1, 475) 1
(342, 343) 4
(144, 170) 3
(96, 308) 4
(75, 142) 4
(130, 354) 4
(178, 219) 4
(90, 450) 4
(31, 123) 261
(144, 311) 1
(2, 290) 2
(40, 113) 2
(12, 106) 11
(154, 205) 1060
(81, 433) 4
(71, 194) 406
(115, 149) 6
(184, 414) 2
(35, 134) 1
(78, 144) 19
(50, 143) 13
(235, 236) 4
(29, 159) 4
(154, 387) 2
(205, 261) 4
(189, 246) 4
(476, 477) 2
(59, 395) 2
(205, 235) 12
(146, 203) 6
(151, 466) 2
(62, 326) 1
(63, 92) 10
(104, 472) 2
(81, 421) 2
(0, 281) 14
(32, 498) 2
(1, 260) 3
(198, 419) 2
(81, 373) 2
(96, 459) 4
(81, 400) 4
(158, 569) 4
(104, 489) 4
(85, 96) 7
(155, 206) 2
(80, 292) 1
(144, 425) 2
(121, 287) 4
(70, 73) 2
(78, 155) 3
(177, 184) 4
(115, 364) 4
(57, 65) 16
(70, 205) 240
(71, 209) 5
(144, 487) 2
(155, 387) 2
(32, 257) 2
(155, 288) 2
(170, 198) 1
(101, 107) 10
(198, 405) 2
(144, 478) 1
(26, 337) 1
(30, 278) 3
(130, 429) 2
(97, 166) 259
(169, 337) 9
(138, 193) 7
(112, 115) 38
(38, 186) 2
(142, 499) 1
(147, 312) 1
(1, 440) 3
(92, 164) 4
(147, 464) 1
(58, 457) 2
(316, 317) 4
(142, 451) 1
(41, 101) 4
(178, 330) 4
(202, 479) 2
(79, 155) 6
(1, 451) 3
(43, 107) 12
(180, 227) 3
(78, 252) 3
(22, 59) 480
(155, 428) 4
(143, 181) 2
(30, 375) 3
(21, 253) 4
(154, 366) 2
(104, 349) 1
(50, 124) 2
(14, 110) 2
(29, 409) 2
(121, 342) 8
(99, 475) 3
(151, 269) 1
(129, 345) 4
(198, 413) 2
(142, 446) 1
(10, 144) 4
(197, 396) 2
(26, 186) 2
(30, 215) 1
(119, 503) 2
(51, 110) 6
(472, 473) 4
(72, 157) 8
(145, 176) 2
(45, 394) 4
(144, 423) 2
(92, 334) 4
(154, 303) 2
(81, 275) 2
(104, 441) 1
(24, 58) 2
(68, 82) 2
(41, 112) 32
(393, 487) 2
(96, 296) 4
(50, 146) 1
(83, 276) 2
(205, 500) 4
(104, 324) 1
(6, 131) 1
(76, 97) 11
(96, 258) 2
(164, 431) 1
(92, 156) 8
(2, 13) 7
(1, 367) 3
(130, 320) 2
(32, 144) 68
(173, 242) 2
(142, 260) 1
(128, 318) 1
(129, 160) 17
(125, 272) 1
(157, 507) 4
(58, 143) 6
(96, 161) 11
(47, 88) 3
(39, 143) 2
(54, 109) 12
(92, 498) 2
(205, 463) 4
(39, 142) 3
(119, 244) 2
(165, 281) 4
(11, 154) 2
(155, 353) 2
(43, 238) 4
(81, 439) 4
(96, 137) 3
(49, 142) 9
(155, 226) 2
(198, 467) 2
(142, 144) 26
(65, 183) 2
(138, 144) 13
(123, 205) 257
(163, 409) 1
(155, 310) 2
(92, 155) 12
(66, 130) 4
(177, 397) 4
(48, 88) 3
(32, 151) 18
(153, 298) 2
(57, 202) 2
(97, 163) 69
(129, 185) 2
(78, 569) 1
(142, 434) 2
(96, 461) 4
(99, 486) 3
(13, 389) 4
(22, 196) 4
(1, 104) 9
(142, 335) 2
(5, 251) 4
(163, 356) 1
(62, 313) 1
(178, 510) 4
(143, 154) 925
(61, 93) 3
(147, 223) 2
(76, 143) 39
(4, 84) 10
(98, 117) 1
(38, 234) 2
(62, 119) 2
(30, 360) 3
(68, 131) 3
(143, 174) 75
(173, 202) 1
(59, 285) 2
(128, 161) 3
(41, 46) 22
(209, 210) 1
(130, 159) 9
(81, 254) 2
(115, 242) 14
(54, 69) 2
(24, 196) 2
(121, 474) 4
(118, 169) 4
(434, 435) 4
(9, 31) 4
(6, 81) 2
(1, 446) 3
(337, 338) 4
(1, 309) 3
(27, 155) 2
(169, 404) 2
(197, 427) 2
(144, 418) 1
(64, 103) 4
(129, 274) 4
(144, 283) 1
(197, 437) 2
(189, 504) 4
(106, 347) 1
(168, 197) 1
(135, 231) 1
